55,10
55,9
22,12
22,11
4294967278,327
4294967278,326
4294967278,325
4294967278,324
4294967278,323
4294967278,322
4294967278,321
4294967278,320
4294967278,575
18,6
4294967278,574
67,5
67,4
67,3
67,2
67,1
67,0
4294967278,573
4294967278,572
66,5
66,4
66,3
66,2
66,1
66,0
65,4
65,3
65,2
65,1
65,0
64,4
64,3
64,2
64,1
64,0
63,4
63,3
63,2
63,1
63,0
62,4
62,3
62,2
62,1
62,0
4294967294,479
56,5
61,7
4294967278,571
61,6
4294967278,570
61,5
55,8
4294967294,478
55,7
4294967278,569
57,7
4294967294,1420
57,6
4294967278,568
57,5
58,9
58,8
4294967294,1419
4294967278,567
58,7
4294967294,1418
58,6
58,5
55,6
4294967294,477
55,5
54,7
54,6
61,4
61,3
61,2
61,1
61,0
4294967294,1417
60,4
60,3
60,2
60,1
60,0
59,4
59,3
59,2
59,1
59,0
4294967294,1416
4294967294,1415
4294967294,184
4294967294,1150
4294967294,1146
58,4
58,3
58,2
58,1
58,0
4294967294,1414
4294967294,1413
4294967294,428
4294967294,476
57,4
57,3
57,2
57,1
57,0
4294967294,1412
4294967294,911
56,4
56,3
56,2
56,1
56,0
55,4
55,3
55,2
55,1
55,0
54,5
54,4
54,3
54,2
54,1
54,0
53,7
4294967294,1411
53,6
53,5
53,4
53,3
53,2
53,1
53,0
4294967278,566
4294967279,383
4294967278,565
52,6
52,5
52,4
52,3
52,2
52,1
52,0
4294967279,382
4294967279,381
4294967279,380
51,7
51,6
51,5
51,4
51,3
51,2
51,1
51,0
4294967279,379
4294967279,378
4294967278,564
4294967294,475
50,6
50,5
50,4
50,3
50,2
50,1
50,0
4294967278,563
4294967278,562
4294967278,561
4294967279,377
4294967278,560
49,5
49,4
49,3
49,2
49,1
49,0
4294967279,376
4294967278,559
4294967279,375
4294967278,558
48,6
48,5
48,4
48,3
48,2
48,1
48,0
4294967278,557
4294967279,374
47,8
47,7
47,6
47,5
47,4
47,3
47,2
47,1
47,0
46,7
46,6
46,5
46,4
46,3
46,2
46,1
46,0
45,6
45,5
45,4
45,3
45,2
45,1
45,0
4294967279,373
44,5
44,4
44,3
44,2
44,1
44,0
4294967278,556
4294967279,372
4294967278,555
4294967279,371
4294967278,554
43,8
43,7
43,6
43,5
43,4
43,3
43,2
43,1
43,0
4294967278,553
4294967279,370
42,7
42,6
42,5
42,4
42,3
42,2
42,1
42,0
4294967279,369
4294967279,368
41,6
41,5
41,4
41,3
41,2
41,1
41,0
4294967279,367
4294967279,366
4294967278,552
4294967279,365
4294967278,551
40,5
40,4
40,3
40,2
40,1
40,0
4294967279,364
4294967278,550
39,8
39,7
39,6
39,5
39,4
39,3
39,2
39,1
39,0
4294967279,363
4294967278,549
4294967279,362
4294967279,361
38,7
38,6
38,5
38,4
38,3
38,2
38,1
38,0
4294967279,360
4294967279,359
4294967278,548
4294967278,547
4294967278,546
37,6
37,5
37,4
37,3
37,2
37,1
37,0
4294967278,545
4294967278,544
4294967278,543
4294967278,542
4294967278,541
36,5
36,4
36,3
36,2
36,1
36,0
4294967278,540
35,8
35,7
35,6
35,5
35,4
35,3
35,2
35,1
35,0
4294967278,539
4294967278,538
4294967278,537
4294967278,536
4294967278,535
34,7
34,6
34,5
34,4
34,3
34,2
34,1
34,0
4294967278,534
4294967279,358
4294967279,357
4294967294,474
33,6
33,5
4294967278,533
33,4
33,3
33,2
33,1
33,0
4294967279,356
4294967279,355
4294967278,532
4294967279,354
4294967278,531
4294967279,353
4294967279,352
4294967279,351
32,5
32,4
4294967279,350
32,3
32,2
32,1
32,0
4294967278,530
4294967278,529
4294967278,528
31,8
31,7
31,6
31,5
31,4
31,3
31,2
31,1
31,0
4294967279,349
30,7
30,6
30,5
4294967278,527
30,4
30,3
30,2
30,1
30,0
4294967279,348
4294967279,347
4294967278,526
4294967278,525
4294967279,346
29,6
29,5
29,4
29,3
29,2
29,1
29,0
4294967278,524
4294967278,523
4294967279,345
4294967279,344
4294967278,522
4294967279,343
28,8
28,7
28,6
28,5
28,4
28,3
28,2
28,1
28,0
4294967279,342
4294967278,521
27,7
27,6
27,5
27,4
27,3
27,2
27,1
27,0
4294967278,520
4294967278,519
4294967278,518
4294967279,341
26,6
26,5
